26 47
89 11
20 25
92 73
39 70
54 58
78 39
63 76
85 63
92 14
52 68
70 17
70 19
55 80
45 35
69 38
73 35
80 34
85 3
58 94
62 31
73 5
65 96
26 12
42 98
14 43
4 36
34 85
29 11
62 75
60 79
82 92
57 85
67 7
6 41
88 93
31 51
37 44
59 19
92 35
45 28
60 20
93 34
49 89
97 39
70 44
92 89
24 66
19 70
52 24
26 23
100 50
98 30
47 64
16 97
5 54
50 18
74 23
71 96
52 54
4 42
19 18
59 41
14 11
55 49
96 78
68 15
83 49
81 97
86 78
34 32
42 32
79 62
49 82
78 74
9 20
66 84
13 6
60 85
42 84
46 85
12 29
93 70
50 13
55 16
59 85
57 69
81 64
80 98
41 10
10 7
14 65
59 75
16 20
90 7
29 81
42 43
57 17
45 14
20 55
68 58
69 59
13 63
61 5
91 93
74 63
46 7
83 33
57 100
58 90
58 68
55 7
82 99
34 16
79 32
58 17
29 68
96 33
31 82
87 17
61 30
81 33
45 59
51 24
23 99
13 18
37 21
99 87
46 73
60 83
57 87
15 44
30 12
22 54
53 60
16 2
37 89
17 3
5 32
35 76
42 29
23 45
88 95
1 95
22 2
75 95
12 44
93 32
17 63
63 59
80 27
47 100
62 4
52 63
56 84
77 46
90 28
89 66
63 3
47 51
21 44
37 66
98 80
59 52
4 50
69 12
91 51
97 68
75 51
61 54
3 70
49 80
31 64
94 10
83 53
96 21
36 6
10 17
82 24
22 81
87 29
46 91
68 76
73 31
52 15
94 82
24 50
69 87
47 56
64 26
87 81
22 58
21 31
58 42
17 41
91 46
29 73
17 67
97 41
29 99
42 93
38 15
97 3
7 72
51 59
44 86
99 21
4 26
84 92
12 74
49 91
57 12
53 48
85 59
84 32
31 54
79 72
85 37
85 15
14 5
51 26
37 19
33 83
18 82
25 53
58 77
21 71
70 82
96 85
1 44
28 60
34 75
15 95
79 43
24 77
25 65
21 75
50 75
17 23
79 81
26 79
1 50
74 69
75 81
6 71
32 70
42 67
28 73
85 8
59 13
21 63
95 56
17 87
97 29
14 54
47 76
3 15
20 43
47 61
32 7
78 53
93 99
12 80
79 48
12 86
24 84
47 27
21 20
51 92
93 29
86 36
5 49
2 18
16 55
35 96
32 10
83 1
48 45
69 62
16 70
56 93
19 83
92 74
93 66
76 62
77 63
25 41
86 99
92 44
97 87
91 10
88 38
6 49
30 50
54 95
80 11
12 58
96 4
82 43
22 64
24 51
27 14
25 50
8 86
95 69
98 96
29 12
58 30
81 87
87 70
5 35
26 88
33 35
6 40
31 48
88 66
10 1
84 8
8 27
74 34
5 94
98 82
33 81
98 1
80 84
51 40
81 72
24 80
54 55
67 13
9 41
40 41
51 89
55 44
68 20
53 83
36 61
63 39
61 19
77 89
6 95
36 27
41 95
83 96
98 24
97 16
57 92
39 95
4 29
2 6
76 1
75 28
40 10
45 91
19 24
93 97
20 19
33 29
32 3
1 84
17 18
13 76
59 46
75 72
37 34
10 51
49 84
100 80
13 38
11 58
68 57
6 86
43 57
15 16
34 82
42 94
21 87
22 79
28 22
14 33
95 94
32 55
59 65
66 28
40 23
88 49
31 47
99 27
9 61
66 54
38 87
30 48
52 69
91 34
28 89
85 24
74 95
78 11
61 31
34 9
31 83
9 63
94 55
72 9
71 51
41 83
72 91
71 73
59 96
47 92
14 98
45 77
42 22
96 6
94 99
70 95
24 20
73 90
4 74
1 88
8 13
56 7
80 4
18 37
81 1
96 39
49 88
19 99
85 11
18 63
14 9
71 40
69 72
58 63
97 24
19 73
81 61
71 70
82 58
19 47
44 100
100 25
79 9
25 35
31 29
46 31
79 55
62 85
68 8
67 29
78 44
51 56
97 63
95 36
52 56
79 97
47 72
1 7
73 24
93 69
29 28
73 98
34 94
65 4
89 7
62 92
24 88
6 24
4 56
37 86
52 82
18 23
73 53
7 59
63 46
79 64
92 40
48 33
71 30
36 12
41 70
24 10
27 23
75 49
58 91
52 21
76 58
10 79
82 70
12 16
2 57
32 73
65 29
33 52
23 57
90 15
19 9
87 93
56 28
75 8
52 71
15 29
32 5
99 23
59 31
25 99
81 14
31 93
35 22
46 100
47 94
69 77
18 85
1 11
49 17
54 30
80 81
84 90
35 66
100 28
65 22
27 56
1 45
23 54
19 14
8 41
57 34
76 40
22 3
61 60
94 26
57 4
88 70
60 23
87 41
20 93
90 68
97 30
26 18
33 85
47 77
16 100
58 87
83 52
44 59
83 69
71 94
21 65
19 23
96 65
68 10
51 93
9 30
22 26
89 38
94 29
23 3
54 71
69 21
99 93
28 71
44 41
59 3
97 43
22 86
74 51
53 4
47 74
62 22
15 61
2 60
31 4
29 52
36 90
78 33
17 22
41 17
65 60
79 36
92 12
38 21
84 26
20 99
85 27
36 14
48 51
46 99
16 82
33 89
79 25
60 87
89 14
12 75
36 65
11 81
18 12
30 52
54 81
91 38
29 65
59 17
33 6
25 28
43 50
92 88
39 40
76 85
89 74
69 75
75 40
5 50
73 8
63 5
19 68
76 51
70 50
69 85
57 84
62 76
59 90
84 66
63 86
20 11
3 53
43 21
5 55
92 56
53 84
85 23
47 97
44 74
14 3
57 93
88 29
26 58
94 39
27 51
42 3
38 69
73 71
86 67
2 93
17 19
31 39
29 42
9 31
74 87
75 38
64 65
97 21
61 7
7 79
12 26
27 18
69 71
99 11
56 68
61 78
34 96
49 27
